598
804
-11.5 1.216667 -19
-8.533335 2.000001 -19
-8.533335 2.000001 -19.76667
-13.06667 1.000001 -19.76667
-8.533335 1.000001 -17.06667
-8.533335 1.000001 -18.76667
-11.5 1.000001 -18.76667
-13.06667 1.000001 -17.06667
-11.56667 1.216667 -18.93333
-11.5 1.216667 -19
-13.06667 1.000001 -19.76667
-11.5 1.000001 -18.76667
-11.56667 1.216667 -18.93333
-13.06667 1.000001 -19.76667
-13.06667 1.000001 -17.06667
-8.533335 1.000001 -19
-8.533335 1.000001 -19.76667
-9.700001 1.000001 -19.76667
-9.700001 1.000001 -19
-8.533334 1.000001 -19
-7.933334 1.000001 -19
-7.933334 1.000001 -19.76667
-8.533334 1.000001 -19.76667
-8.533334 2.000001 -19
-8.033334 2.000001 -19
-8.033334 2.000001 -19.76667
-8.533334 2.000001 -19.76667
-4.4 3.000001 -17.06667
-3.833333 3.000001 -17.06667
-3.833333 3.000001 -17.16667
-4.4 3.000001 -17.16667
-4.4 1.000001 -17.06667
-3.833333 1.000001 -17.06667
-3.833333 1.000001 -17.16667
-4.4 1.000001 -17.16667
-4.633334 1.000001 -17.33333
-4.566667 1.000001 -17.4
-7.7 1.000001 -18.83333
-7.7 1.000001 -19.76667
-7.7 1.000001 -18.83333
-4.566667 1.000001 -17.4
-3.666667 1.000001 -17.4
0 1.000001 -19.76667
-7.7 1.000001 -18.83333
-7.766667 1.000001 -18.76667
-8.533334 1.000001 -17.06667
-4.633334 1.000001 -17.06667
-4.633334 1.000001 -17.33333
-7.766667 1.000001 -18.76667
-8.533334 1.000001 -18.76667
-8.533334 1.000001 -17.06667
-3.6 1.000001 -17.33333
-3.6 1.000001 -17.06667
0 1.000001 -17.06667
-3.666667 1.000001 -17.4
-3.6 1.000001 -17.33333
0 1.000001 -17.06667
0 1.000001 -19.76667
0 1.000001 -17.06667
8.533334 1.000001 -17.06667
8.533334 1.000001 -19.76667
0 1.000001 -19.76667
8.533334 1.000001 -17.06667
11.5 1.000001 -17.06667
11.5 1.000001 -19.76667
8.533334 1.000001 -19.76667
-11.3 1.016667 -10.06667
-12.8 1.016667 -10.06667
-13.06667 1.016667 -8.533334
-10.96667 1.016667 -8.533334
-10.56667 1.016667 -16.6
-9.666668 1.016667 -16.6
-8.533335 1.000001 -17.06667
-10.56667 1.016667 -16.6
-8.533335 1.000001 -17.06667
-13.06667 1.000001 -17.06667
-13.06667 1.016667 -16.6
-13.06667 1.016667 -15.56667
-10.56667 1.016667 -15.56667
-10.63333 1.016667 -15.63333
-10.63333 1.016667 -16.53333
-10.56667 1.016667 -16.6
-13.06667 1.016667 -16.6
-13.06667 1.016667 -15.56667
-10.63333 1.016667 -15.63333
-10.63333 1.016667 -16.53333
-13.06667 1.016667 -16.6
-10.96667 1.016667 -8.533334
-10.96667 1.016667 -10.1
-11.3 1.016667 -10.06667
-8.533335 1.000001 -17.06667
-9.666668 1.016667 -16.6
-9.6 1.016667 -16.53333
-12.8 1.016667 -10.06667
-13.06667 1.016667 -10.06667
-13.06667 1.016667 -8.533334
-13.06667 1.016667 -15.56667
-13.06667 1.016667 -10.8
-12.8 1.016667 -10.8
-11.36667 1.016667 -10.73333
-11.3 1.016667 -10.8
-12.8 1.016667 -10.8
-12.73333 1.016667 -10.73333
-11.36667 1.016667 -10.13333
-11.36667 1.016667 -10.73333
-12.73333 1.016667 -10.73333
-12.73333 1.016667 -10.13333
-11.3 1.016667 -10.8
-10.56667 1.016667 -15.56667
-13.06667 1.016667 -15.56667
-12.8 1.016667 -10.8
-11.3 1.016667 -10.8
-11 1.016667 -10.8
-10.56667 1.016667 -15.56667
-12.8 1.016667 -10.06667
-11.3 1.016667 -10.06667
-11.36667 1.016667 -10.13333
-12.73333 1.016667 -10.13333
-11 1.016667 -10.8
-10.93333 1.016667 -10.6
-10.7 1.016667 -10.6
-9.6 1.016667 -15.63333
-9.666668 1.016667 -15.56667
-8.533335 1.000001 -17.06667
-9.6 1.016667 -16.53333
-9.6 1.016667 -15.63333
-10.63333 1.016667 -10.53333
-10.63333 1.016667 -8.533334
-8.533335 1.016667 -8.533334
-10.7 1.016667 -10.6
-10.63333 1.016667 -10.53333
-8.533335 1.016667 -8.533334
-8.533335 1.000001 -17.06667
-9.6 1.016667 -15.63333
-9.666668 1.016667 -15.56667
-10.56667 1.016667 -15.56667
-11 1.016667 -10.8
-4.333333 1.016667 -8.533334
-4.333333 1.016667 -10.16667
-7.366667 1.016667 -10.16667
-8.533334 1.016667 -8.533334
-7.366667 1.016667 -10.16667
-8.266667 1.016667 -10.16667
-8.533334 1.016667 -8.533334
-3.833333 1.000001 -17.06667
-4.4 1.000001 -17.06667
-4.4 1.016667 -16.6
-3.833333 1.016667 -16.6
-3.833333 3.000001 -17.06667
-4.4 3.000001 -17.06667
-4.4 3.000001 -16.6
-3.833333 3.000001 -16.6
-7 1.016667 -15.9
-4.566667 1.016667 -16.36667
-4.633334 1.016667 -16.43333
-8.533334 1.000001 -17.06667
-7.900001 1.016667 -15.9
-7 1.016667 -15.9
-4.633334 1.016667 -16.43333
-4.633334 1.000001 -17.06667
-8.266667 1.016667 -11.2
-7.900001 1.016667 -14.86667
-7.966667 1.016667 -14.93333
-8.333334 1.016667 -11.13333
-4.1 1.016667 -8.533334
-2.333333 1.016667 -8.533334
-2.333333 1.016667 -10.26667
-4.1 1.016667 -10.26667
-7.966667 1.016667 -15.83333
-7.900001 1.016667 -15.9
-8.533334 1.000001 -17.06667
-3.666667 1.016667 -16.36667
-4.566667 1.016667 -16.36667
-7 1.016667 -15.9
-2.1 1.016667 -12.86667
-2.1 1.016667 -8.533334
0 1.016667 -8.533334
0 1.000001 -17.06667
0 1.000001 -17.06667
-3.6 1.016667 -16.43333
-3.666667 1.016667 -16.36667
-4.333333 1.016667 -10.16667
-4.333333 1.016667 -11.2
-7.3 1.016667 -11.13333
-7.3 1.016667 -10.23333
-7.3 1.016667 -10.23333
-7.366667 1.016667 -10.16667
-4.333333 1.016667 -10.16667
-3.666667 1.016667 -16.36667
-2.266667 1.250001 -12.93333
-2.166667 1.016667 -12.93333
-4.333333 1.016667 -11.2
-7.366667 1.016667 -11.2
-7.3 1.016667 -11.13333
0 1.000001 -17.06667
-3.6 1.000001 -17.06667
-3.6 1.016667 -16.43333
-6.933333 1.016667 -14.93333
-7 1.016667 -14.86667
-4.166667 1.250001 -12.93333
-2.266667 1.250001 -12.93333
-3.666667 1.016667 -16.36667
-3.666667 1.016667 -16.36667
-6.933333 1.016667 -15.83333
-6.933333 1.016667 -14.93333
-3.666667 1.016667 -16.36667
-7 1.016667 -15.9
-6.933333 1.016667 -15.83333
-3.666667 1.016667 -16.36667
-2.166667 1.016667 -12.93333
-2.1 1.016667 -12.86667
0 1.000001 -17.06667
-7 1.016667 -14.86667
-4.266667 1.016667 -12.93333
-4.166667 1.250001 -12.93333
-4.1 1.016667 -12.6
-4.1 1.016667 -10.5
-2.333333 1.016667 -10.5
-2.333333 1.016667 -12.6
-4.333333 1.016667 -12.86667
-4.266667 1.016667 -12.93333
-7 1.016667 -14.86667
-7.900001 1.016667 -14.86667
-8.266667 1.016667 -11.2
-7.366667 1.016667 -11.2
-7.366667 1.016667 -11.2
-4.333333 1.016667 -11.2
-4.333333 1.016667 -12.86667
-2.333333 1.283334 -12.86667
-2.266667 1.250001 -12.93333
-4.166667 1.250001 -12.93333
-4.1 1.283334 -12.86667
-4.1 2.500001 -8.533334
-2.333333 2.500001 -8.533334
-2.333333 1.283334 -12.86667
-4.1 1.283334 -12.86667
-8.533334 1.016667 -8.533334
-8.266667 1.016667 -10.16667
-8.333334 1.016667 -10.23333
-7.966667 1.016667 -14.93333
-7.966667 1.016667 -15.83333
-8.533334 1.000001 -17.06667
-8.333334 1.016667 -11.13333
-8.533334 1.016667 -8.533334
-8.333334 1.016667 -10.23333
-8.333334 1.016667 -11.13333
-8.533334 1.000001 -17.06667
8.533334 1.016667 -8.533334
8.033334 1.016667 -12.13333
2.933333 1.016667 -12.13333
0 1.016667 -8.533334
0 1.000001 -17.06667
1.333333 1.016667 -16.8
2.233333 1.016667 -16.8
2.933333 1.016667 -12.46667
2.233333 1.016667 -15.76667
1.333333 1.016667 -15.76667
8.533334 1.000001 -17.06667
2.233333 1.016667 -16.8
2.3 1.016667 -16.73333
0 1.016667 -8.533334
2.933333 1.016667 -12.13333
2.866667 1.016667 -12.2
2.866667 1.016667 -12.4
2.933333 1.016667 -12.46667
1.333333 1.016667 -15.76667
1.266667 1.016667 -16.73333
1.333333 1.016667 -16.8
0 1.000001 -17.06667
1.266667 1.016667 -15.83333
1.266667 1.016667 -16.73333
0 1.000001 -17.06667
1.333333 1.016667 -15.76667
1.266667 1.016667 -15.83333
0 1.000001 -17.06667
0 1.016667 -8.533334
2.866667 1.016667 -12.2
2.866667 1.016667 -12.4
2.3 1.016667 -15.83333
2.233333 1.016667 -15.76667
2.933333 1.016667 -12.46667
8.533334 1.000001 -17.06667
0 1.000001 -17.06667
2.233333 1.016667 -16.8
2.3 1.016667 -16.73333
2.3 1.016667 -15.83333
2.933333 1.016667 -12.46667
8.033334 1.016667 -12.46667
8.533334 1.000001 -17.06667
8.1 1.016667 -12.2
8.033334 1.016667 -12.13333
8.533334 1.016667 -8.533334
8.1 1.016667 -12.4
8.1 1.016667 -12.2
8.533334 1.016667 -8.533334
8.533334 1.000001 -17.06667
8.533334 1.000001 -17.06667
8.033334 1.016667 -12.46667
8.1 1.016667 -12.4
8.533334 1.016667 -8.533334
11.5 1.016667 -8.533334
11.5 1.000001 -17.06667
8.533334 1.000001 -17.06667
-13.06667 1.016667 -8.533334
-13.06667 1.016667 -4.833333
-12.8 1.016667 -4.833333
-11.3 1.016667 -4.833333
-10.96667 1.016667 -4.8
-10.96667 1.016667 -8.533334
-11.3 1.016667 -4.833333
-10.96667 1.016667 -8.533334
-13.06667 1.016667 -8.533334
-12.8 1.016667 -4.833333
-11 1.016667 -4.1
-11.3 1.016667 -4.1
-13.06667 1.016667 0
-11.3 1.016667 -4.1
-12.8 1.016667 -4.1
-13.06667 1.016667 0
-12.8 1.016667 -4.1
-13.06667 1.016667 -4.1
-13.06667 1.016667 0
-12.8 1.016667 -4.1
-11.3 1.016667 -4.1
-11.36667 1.016667 -4.166667
-12.73333 1.016667 -4.166667
-11.36667 1.016667 -4.166667
-11.36667 1.016667 -4.766667
-12.73333 1.016667 -4.766667
-12.73333 1.016667 -4.166667
-11.36667 1.016667 -4.766667
-11.3 1.016667 -4.833333
-12.8 1.016667 -4.833333
-12.73333 1.016667 -4.766667
-10.7 1.016667 -4.3
-10.93333 1.016667 -4.3
-11 1.016667 -4.1
-8.533335 1.016667 -8.533334
-10.63333 1.016667 -8.533334
-10.63333 1.016667 -4.366667
-8.533335 1.016667 0
-11 1.016667 -4.1
-13.06667 1.016667 0
-8.533335 1.016667 0
-10.7 1.016667 -4.3
-10.63333 1.016667 -4.366667
-10.7 1.016667 -4.3
-8.533335 1.016667 0
-4.266667 1.016667 -8.266667
-5.966667 1.016667 -7.333334
-5.900001 1.016667 -7.266667
-0.4333334 1.016667 -7.3
-2.166667 1.016667 -8.266667
0 1.016667 0
-3.6 1.016667 -0.03333378
-3.866667 1.016667 -0.03333378
-6.233334 1.016667 -7.266667
-6.166667 1.016667 -7.333334
-8.533334 1.016667 -8.533334
-6.166667 1.016667 -7.333334
-4.266667 1.016667 -8.266667
-4.333333 1.016667 -8.333334
0 3.000001 -6.5
0 3.000001 -7.066667
-0.2666664 3.000001 -7.066667
-0.2666664 3.000001 -6.5
-6.266667 1.016667 -2.133333
-6.233334 1.016667 -7.266667
-8.533334 1.016667 -8.533334
-8.533334 1.016667 0
-0.4333334 1.016667 -7.3
0 1.016667 -7.3
0 1.016667 -8.533334
-2.1 1.016667 -8.333334
-2.166667 1.016667 -8.266667
-4.266667 1.016667 -8.266667
-6.166667 1.016667 -7.333334
-5.966667 1.016667 -7.333334
0 1.016667 -8.533334
-2.1 1.016667 -8.533334
-2.1 1.016667 -8.333334
-5.900001 1.016667 -2.266667
-1.866667 1.016667 -2.433333
-1.8 1.016667 -2.5
-0.5 1.016667 -6.333334
-0.5 1.016667 -7.233334
-5.900001 1.016667 -7.266667
0 1.016667 -6.5
0 1.016667 -7.066667
-0.2666664 1.016667 -7.066667
-0.2666664 1.016667 -6.5
-3.933333 1.016667 -0.5999999
-3.8 1.016667 -0.5
-3.633334 1.016667 -0.5
-1.866667 1.016667 -2.233334
-1.866667 1.016667 -2.433333
-5.900001 1.016667 -2.266667
-6.166667 1.016667 -7.333334
-4.333333 1.016667 -8.333334
-4.333333 1.016667 -8.533334
-8.533334 1.016667 -8.533334
-8.533334 1.016667 0
0 1.016667 0
-3.866667 1.016667 -0.03333378
0 1.016667 -2.5
-0.4333334 1.016667 -6.266667
-0.5 1.016667 -6.333334
-1.8 1.016667 -2.5
-3.866667 1.016667 -0.03333378
-4 1.016667 -0.2666664
-6.266667 1.016667 -2.133333
-8.533334 1.016667 0
-3.633334 1.016667 -0.5
-3.533333 1.016667 -0.3000002
-1.866667 1.016667 -2.233334
-0.5 1.016667 -7.233334
-0.4333334 1.016667 -7.3
-5.900001 1.016667 -7.266667
0 1.016667 -2.5
0 1.016667 -6.266667
-0.4333334 1.016667 -6.266667
-1.8 1.016667 -2.166667
-1.866667 1.016667 -2.233334
-3.533333 1.016667 -0.3000002
-1.8 1.016667 -2.166667
-3.533333 1.016667 -0.3000002
-3.533333 1.016667 -0.1000004
0 1.016667 0
0 1.016667 -2.166667
-3.533333 1.016667 -0.1000004
-3.6 1.016667 -0.03333378
0 1.016667 0
0 1.016667 -8.533334
0 1.016667 -7.3
0.4666667 1.016667 -7.3
0 1.016667 -8.533334
0.4666667 1.016667 -7.3
0.5333334 1.016667 -7.233334
0.4666667 1.016667 -6.266667
0 1.016667 -6.266667
0 1.016667 -2.5
0.5333334 1.016667 -6.333334
0.4666667 1.016667 -6.266667
0 1.016667 -2.5
3.3 1.016667 -2.5
3.3 1.016667 -2.166667
0 1.016667 -2.166667
0 1.016667 0
8.533334 1.016667 0
3.366667 1.016667 -2.233334
3.3 1.016667 -2.166667
8.533334 1.016667 0
0.5333334 1.016667 -6.333334
3.3 1.016667 -2.5
3.366667 1.016667 -2.433333
0.5333334 1.016667 -7.233334
0 1.016667 -8.533334
0.5333334 1.016667 -7.233334
3.366667 1.016667 -2.433333
8.533334 1.016667 0
8.533334 1.016667 -8.533334
3.366667 1.016667 -2.433333
3.366667 1.016667 -2.233334
8.533334 1.016667 0
0 1.016667 -6.5
0.3 1.016667 -6.5
0.3 1.016667 -7.066667
0 1.016667 -7.066667
0 3.000001 -6.5
0.3 3.000001 -6.5
0.3 3.000001 -7.066667
0 3.000001 -7.066667
8.533334 1.016667 0
11.5 1.016667 0
11.5 1.016667 -8.533334
8.533334 1.016667 -8.533334
-8.533335 1.016667 4.8
-10.16667 1.016667 1.166667
-11.06667 1.016667 1.166667
-13.06667 1.016667 4.8
-13.06667 1.016667 0
-13.06667 1.016667 0.1333333
-11.06667 1.016667 0.1333333
-11.06667 1.016667 0.1333333
-10.16667 1.016667 0.1333333
-8.533335 1.016667 0
-13.06667 1.016667 0
-13.06667 1.016667 1.166667
-11.06667 1.016667 1.166667
-11.13333 1.016667 1.1
-11.13333 1.016667 0.2
-11.06667 1.016667 0.1333333
-13.06667 1.016667 0.1333333
-13.06667 1.016667 1.166667
-11.13333 1.016667 1.1
-11.13333 1.016667 0.2
-13.06667 1.016667 0.1333333
-11.06667 1.016667 1.166667
-13.06667 1.016667 1.166667
-13.06667 1.016667 4.8
-8.533335 1.016667 0
-10.16667 1.016667 0.1333333
-10.1 1.016667 0.2
-8.533335 1.016667 0
-10.1 1.016667 0.2
-10.1 1.016667 1.1
-8.533335 1.016667 0
-10.1 1.016667 1.1
-10.16667 1.016667 1.166667
-8.533335 1.016667 4.8
-5.900001 1.016667 3.8
-4 1.016667 1.6
-3.866667 1.016667 1.3
-7.166667 1.016667 1.266667
-8.066668 1.016667 1.266667
-8.533334 1.016667 0
-8.066668 1.016667 0.2333333
-7.166667 1.016667 0.2333333
0 1.016667 0
-8.533334 1.016667 0
-7.166667 1.016667 0.2333333
0 1.016667 0
-7.166667 1.016667 0.2333333
-7.1 1.016667 0.3
-5.633334 1.016667 4.033334
-5.766667 1.016667 4.033334
-8.533334 1.016667 4.8
0 1.016667 0
-3.6 1.016667 1.3
-3.533333 1.016667 1.366667
-8.133334 1.016667 0.3
-8.066668 1.016667 0.2333333
-8.533334 1.016667 0
0 1.016667 0
-3.533333 1.016667 1.366667
-3.566667 1.016667 1.666667
-7.1 1.016667 0.3
-7.1 1.016667 1.2
-3.6 1.016667 1.3
0 1.016667 0
-7.1 1.016667 1.2
-7.166667 1.016667 1.266667
-3.6 1.016667 1.3
-8.533334 1.016667 4.8
-5.900001 1.016667 3.9
-5.900001 1.016667 3.8
-8.066668 1.016667 1.266667
-8.133334 1.016667 1.2
-7.166667 1.016667 1.266667
-3.866667 1.016667 1.3
-3.6 1.016667 1.3
-8.133334 1.016667 1.2
-8.133334 1.016667 0.3
-8.533334 1.016667 0
-8.533334 1.016667 4.8
-8.533334 1.016667 4.8
-5.766667 1.016667 4.033334
-5.900001 1.016667 3.9
-3.566667 1.016667 1.666667
-3.833333 1.016667 1.866667
-5.633334 1.016667 4.033334
0 1.016667 4.8
0 1.016667 0
-5.633334 1.016667 4.033334
-8.533334 1.016667 4.8
0 1.016667 4.8
4.233334 1.016667 1.966667
4.166667 1.016667 1.9
0 1.016667 0
0 1.016667 4.8
8.533334 1.016667 4.8
5.133334 1.016667 1.966667
4.233334 1.016667 1.966667
0 1.016667 4.8
4.233334 1.016667 0.9333334
5.133334 1.016667 0.9333334
8.533334 1.016667 0
0 1.016667 0
4.166667 1.016667 1.9
4.166667 1.016667 1
0 1.016667 0
4.166667 1.016667 1
4.233334 1.016667 0.9333334
0 1.016667 0
8.533334 1.016667 0
5.133334 1.016667 0.9333334
5.2 1.016667 1
8.533334 1.016667 0
5.2 1.016667 1
5.2 1.016667 1.9
8.533334 1.016667 0
5.2 1.016667 1.9
5.133334 1.016667 1.966667
8.533334 1.016667 4.8
8.533334 1.016667 4.8
11.5 1.016667 4.8
11.5 1.016667 0
8.533334 1.016667 0
0 1 2
0 2 3
4 5 6
4 6 7
8 0 3
6 8 3
6 3 7
15 16 17
15 17 18
15 20 21
15 21 16
1 24 25
1 25 2
27 28 29
27 29 30
31 32 33
31 33 34
35 36 37
38 37 36
38 36 41
38 41 42
37 44 4
37 4 46
37 46 35
44 5 4
51 52 53
41 51 53
41 53 42
53 59 60
53 60 42
59 63 64
59 64 60
66 67 68
66 68 69
70 71 4
70 4 7
70 7 76
77 78 79
80 70 76
77 79 80
77 80 76
69 88 66
4 71 92
67 94 68
77 97 98
99 100 98
99 98 102
103 99 102
103 102 106
100 78 77
100 77 98
100 112 78
67 66 103
67 103 106
112 119 120
112 120 121
112 121 122
4 92 121
126 127 128
120 126 128
120 128 4
120 4 121
122 78 112
137 138 139
137 139 128
139 142 128
32 31 146
32 146 147
28 27 150
28 150 151
152 153 154
4 156 152
4 152 154
4 154 46
160 161 162
160 162 163
164 165 166
164 166 167
168 156 4
171 153 152
174 175 176
174 176 53
53 179 171
138 182 183
138 183 184
184 139 138
171 189 190
182 192 183
53 52 179
197 198 199
197 199 189
197 189 171
171 203 197
171 152 203
171 190 174
171 174 53
198 213 199
215 216 217
215 217 218
219 213 198
219 198 161
219 161 160
219 160 192
192 182 219
228 189 199
228 199 231
232 233 228
232 228 231
128 142 238
162 168 4
162 4 163
128 238 163
128 163 4
247 248 249
247 249 176
53 252 253
254 255 256
59 253 259
176 249 262
263 254 256
266 252 53
269 266 53
256 269 53
256 53 176
256 176 262
256 262 263
278 255 254
59 53 253
259 278 254
259 254 287
259 287 59
289 248 247
292 289 247
292 247 59
59 287 292
247 300 63
247 63 59
68 304 305
306 307 69
306 69 68
306 68 305
313 314 315
314 317 315
317 320 315
317 314 324
317 324 325
324 327 328
324 328 325
327 306 305
327 305 328
334 335 313
128 127 339
128 339 340
313 315 340
313 340 334
339 334 340
348 349 350
348 350 351
348 351 352
353 354 355
356 357 128
357 348 361
362 363 364
362 364 365
366 356 128
366 128 340
351 371 176
351 176 373
351 373 352
348 357 349
176 175 373
381 382 383
381 383 384
381 384 385
381 385 350
387 388 389
387 389 390
391 392 393
391 393 394
391 394 382
391 382 381
357 361 137
357 137 128
340 353 355
404 405 384
404 384 383
355 409 366
355 366 340
393 413 394
385 351 350
404 419 405
421 394 413
421 413 426
421 426 353
421 353 428
426 354 353
176 371 434
176 434 437
438 419 404
441 438 404
441 404 444
445 428 353
445 353 448
449 445 448
441 444 454
441 454 437
176 437 454
176 454 448
176 448 247
454 449 448
387 465 466
387 466 388
362 469 470
362 470 363
448 473 300
448 300 247
476 477 478
476 478 479
315 481 482
482 484 340
482 340 315
487 478 489
490 482 481
487 489 490
487 490 481
478 487 479
340 484 502
340 502 505
340 505 477
340 477 476
510 511 512
510 512 513
510 513 514
340 516 517
353 340 517
353 517 523
524 525 476
353 528 529
530 516 340
353 529 535
523 537 528
523 528 353
537 513 528
476 544 510
476 510 514
476 514 547
513 512 528
547 530 340
547 340 476
476 525 544
535 559 524
535 524 561
535 561 353
524 476 561
566 567 353
566 353 561
570 571 566
570 566 561
574 575 448
574 448 353
567 579 353
579 574 353
448 575 586
448 586 589
448 589 571
448 571 570
570 595 473
570 473 448
1 12 -1
0 4 -1
3 24 -1
2 6 35
1 5 -1
4 6 -1
3 5 -1
8 10 -1
7 -1 -1
10 -1 -1
7 9 -1
12 -1 -1
0 11 -1
14 68 -1
13 -1 -1
16 66 -1
15 -1 -1
18 23 -1
17 19 -1
18 20 -1
19 27 -1
22 24 -1
21 23 73
17 22 -1
2 21 -1
26 88 -1
25 27 -1
20 26 29
29 31 127
27 28 -1
31 136 -1
28 30 -1
33 43 52
32 41 139
35 42 -1
3 34 36
35 38 -1
39 49 -1
36 40 -1
37 40 -1
38 39 -1
33 -1 -1
34 57 -1
32 -1 -1
50 -1 -1
46 50 -1
45 47 -1
46 48 -1
47 53 -1
37 50 51
44 45 49
49 62 -1
32 53 -1
48 52 -1
55 -1 -1
54 56 61
55 62 -1
42 61 -1
59 151 -1
58 60 -1
59 61 112
55 57 60
51 56 -1
64 85 -1
63 65 182
64 108 -1
15 67 -1
66 -1 -1
13 69 -1
68 -1 -1
72 79 -1
72 78 -1
70 71 73
22 72 -1
75 101 -1
74 110 -1
77 -1 -1
76 -1 -1
71 109 -1
70 93 -1
81 170 -1
80 95 123
88 95 -1
84 87 -1
83 85 -1
63 84 -1
91 94 -1
83 103 -1
25 82 -1
90 96 -1
89 91 104
86 90 92
91 93 -1
79 92 -1
86 95 -1
81 82 94
89 99 -1
98 -1 -1
97 -1 -1
96 100 -1
99 101 -1
74 100 102
101 103 -1
87 102 -1
90 105 -1
104 107 -1
107 -1 -1
105 106 -1
65 111 -1
78 110 -1
75 109 112
108 112 -1
60 110 111
114 131 -1
113 118 208
120 127 -1
119 126 -1
127 130 -1
114 124 -1
116 125 -1
115 121 -1
120 122 -1
121 123 -1
81 122 124
118 123 125
119 124 -1
116 128 -1
28 115 117
126 129 -1
128 130 -1
117 129 134
113 132 -1
131 133 -1
132 134 136
130 133 -1
136 215 -1
30 133 135
140 -1 -1
139 -1 -1
33 138 140
137 139 148
142 153 -1
141 143 144
142 -1 -1
142 145 -1
144 147 -1
147 149 -1
145 146 -1
140 149 -1
146 148 -1
154 -1 -1
58 152 -1
151 155 165
141 154 220
150 153 155
152 154 -1
157 169 -1
156 158 189
157 168 -1
183 195 -1
164 182 -1
169 181 -1
163 213 -1
162 -1 -1
160 165 -1
152 164 187
167 196 -1
166 168 170
158 167 -1
156 161 -1
80 167 -1
172 180 -1
171 173 185
172 174 -1
173 189 -1
176 211 -1
175 -1 -1
178 -1 -1
177 179 188
178 180 -1
171 179 -1
161 182 -1
64 160 181
159 187 234
185 190 -1
172 184 -1
187 -1 -1
165 183 186
178 191 -1
157 174 -1
184 198 -1
188 192 -1
191 193 -1
192 194 195
193 201 -1
159 193 -1
166 197 -1
196 206 -1
190 199 -1
198 200 -1
199 204 -1
194 202 -1
201 203 259
202 209 -1
200 205 -1
204 206 -1
197 205 207
206 208 209
114 207 215
203 207 -1
211 -1 -1
175 210 -1
213 -1 -1
162 212 -1
215 267 -1
135 208 214
217 229 -1
216 225 -1
220 222 -1
220 226 -1
153 218 219
223 225 -1
218 224 -1
221 224 -1
222 223 -1
217 221 -1
219 227 -1
226 228 -1
227 229 -1
216 228 248
231 -1 -1
230 232 246
231 244 -1
234 238 -1
183 233 235
234 241 -1
249 253 -1
239 241 -1
233 247 -1
237 252 -1
241 242 -1
235 237 240
240 246 -1
244 249 -1
232 243 245
244 248 -1
231 242 -1
238 248 -1
229 245 247
236 243 -1
251 -1 -1
250 252 253
239 251 255
236 251 -1
255 260 -1
252 254 257
257 265 -1
255 256 -1
259 262 -1
202 258 261
254 261 -1
259 260 -1
258 263 -1
262 264 -1
263 265 -1
256 264 267
267 -1 -1
214 265 266
