1286
1794
0 0.0399847 3.833333
1.833333 0.0399847 3.833333
1.833333 0.0399847 0
0 0.0399847 0
0 6.039985 3.833333
1.833333 6.039985 3.833333
1.833333 6.039985 0
0 6.039985 0
12.33333 0.0399847 0.6666667
12.33333 0.0399847 0
3 0.0399847 0
3 0.0399847 1.5
13.33333 0.0399847 1.5
12.33333 0.0399847 0.6666667
3 0.0399847 0
14.16667 4.039985 0
13.5 4.039985 0
13.66667 4.039985 0.3333333
22.66667 0.0399847 1.5
22.66667 0.0399847 0
15.5 0.0399847 0
15.33333 0.0399847 0.6666667
14.33333 0.0399847 1.5
22.66667 0.0399847 1.5
15.33333 0.0399847 0.6666667
3 0.0399847 1.5
3 0.0399847 1.666667
8.333334 0.0399847 1.666667
13.33333 0.0399847 1.5
22.66667 0.0399847 1.666667
22.66667 0.0399847 1.5
14.33333 0.0399847 1.5
9.666667 0.0399847 1.666667
13.33333 0.0399847 1.5
8.333334 0.0399847 1.666667
9.666667 0.0399847 1.666667
14.33333 0.0399847 1.5
7.5 0.0399847 2.5
8.333334 0.0399847 1.666667
3 0.0399847 1.666667
2.833333 0.0399847 4.833333
8.5 0.0399847 4.833333
7.5 0.0399847 4
7.5 0.0399847 4
7.5 0.0399847 2.5
3 0.0399847 1.666667
2.833333 0.0399847 4.833333
22.66667 0.0399847 1.666667
9.666667 0.0399847 1.666667
10.5 0.0399847 2.5
10.5 0.0399847 4
9.5 0.0399847 4.833333
22.66667 0.0399847 4.833333
22.66667 0.0399847 4.833333
22.66667 0.0399847 1.666667
10.5 0.0399847 2.5
10.5 0.0399847 4
2.833333 0.0399847 4.833333
0 0.0399847 5
0 0.0399847 9.166667
8.5 0.0399847 4.833333
22.66667 0.0399847 9.166667
22.66667 0.0399847 4.833333
9.5 0.0399847 4.833333
0 0.0399847 9.166667
9.5 0.0399847 4.833333
8.5 0.0399847 4.833333
0 0.0399847 9.166667
-12.66667 0.0399847 1.166667
-4.166668 0.0399847 1.166667
-4.166668 0.0399847 0
-14.16667 0.0399847 1.166667
-12.66667 0.0399847 1.166667
-4.166668 0.0399847 0
-14.16667 0.0399847 1.166667
-4.166668 0.0399847 0
-25.83333 0.0399847 0
-25.83333 0.0399847 1.166667
0 0.0399847 3.833333
0 0.0399847 0
-3 0.0399847 0
-3 0.0399847 3.833333
0 6.039985 3.833333
0 6.039985 0
-3 6.039985 0
-3 6.039985 3.833333
-18 0.0399847 3.333333
-14.5 0.0399847 3.333333
-14.5 0.0399847 1.5
-18 0.0399847 3.333333
-14.5 0.0399847 1.5
-14.16667 0.0399847 1.166667
-19.5 0.0399847 3.333333
-19.5 0.0399847 3.333333
-14.16667 0.0399847 1.166667
-25.83333 0.0399847 1.166667
-25.83333 0.0399847 3.333333
0 0.0399847 9.166667
0 0.0399847 5
-3.833334 0.0399847 5
0 0.0399847 9.166667
-3.833334 0.0399847 5
-4.166668 0.0399847 4.666667
-12.33333 0.0399847 1.5
-12.33333 0.0399847 9.166667
-4.166668 0.0399847 1.166667
-12.66667 0.0399847 1.166667
-12.33333 0.0399847 1.5
-4.166668 0.0399847 4.666667
-19.83333 0.0399847 3.666667
-19.5 0.0399847 3.333333
-25.83333 0.0399847 3.333333
-25.83333 0.0399847 4.666667
-19.5 0.0399847 4.666667
-19.83333 0.0399847 3.666667
-25.83333 0.0399847 3.333333
-14.5 0.0399847 3.333333
-18 0.0399847 3.333333
-17.66667 0.0399847 3.666667
-14.5 0.0399847 4.666667
-14.5 0.0399847 3.333333
-17.66667 0.0399847 3.666667
-18 0.0399847 4.666667
-14.5 0.0399847 5.333333
-14.5 0.0399847 4.666667
-18 0.0399847 4.666667
-20.66667 0.0399847 5.333333
-22.16667 0.0399847 5.333333
-19.5 0.0399847 4.666667
-25.83333 0.0399847 4.666667
-25.83333 0.0399847 5.333333
-20.66667 0.0399847 5.333333
-18 0.0399847 4.666667
-19.5 0.0399847 4.666667
-22.16667 0.0399847 5.333333
-22.5 0.0399847 5.666667
-22.16667 0.0399847 5.333333
-25.83333 0.0399847 5.333333
-25.83333 0.0399847 6.666667
-22.16667 0.0399847 6.666667
-22.5 0.0399847 5.666667
-25.83333 0.0399847 5.333333
-14.5 0.0399847 5.333333
-20.66667 0.0399847 5.333333
-20.33333 0.0399847 5.666667
-14.5 0.0399847 6.666667
-14.5 0.0399847 5.333333
-20.33333 0.0399847 5.666667
-20.66667 0.0399847 6.666667
-25.83333 0.0399847 6.666667
-25.83333 0.0399847 7.333333
-24.66667 0.0399847 7.333333
-22.16667 0.0399847 6.666667
-25.83333 0.0399847 6.666667
-24.66667 0.0399847 7.333333
-23.16667 0.0399847 7.333333
-14.5 0.0399847 7.333333
-14.5 0.0399847 6.666667
-20.66667 0.0399847 6.666667
-23.16667 0.0399847 7.333333
-20.66667 0.0399847 6.666667
-22.16667 0.0399847 6.666667
-23.16667 0.0399847 7.333333
-25 0.0399847 7.666667
-24.66667 0.0399847 7.333333
-25.83333 0.0399847 7.333333
-25.83333 0.0399847 8.666667
-24.66667 0.0399847 8.666667
-25 0.0399847 7.666667
-25.83333 0.0399847 7.333333
-14.5 0.0399847 7.333333
-23.16667 0.0399847 7.333333
-22.83333 0.0399847 7.666667
-14.5 0.0399847 8.666667
-14.5 0.0399847 7.333333
-22.83333 0.0399847 7.666667
-23.16667 0.0399847 8.666667
-24.66667 0.0399847 8.666667
-25.83333 0.0399847 8.666667
-25.83333 0.0399847 9.166667
-23.16667 0.0399847 8.666667
-24.66667 0.0399847 8.666667
-25.83333 0.0399847 9.166667
-23.16667 0.0399847 8.666667
-25.83333 0.0399847 9.166667
-14.5 0.0399847 9.166667
-14.5 0.0399847 8.666667
1.666667 0.0399847 -39.16667
1.666667 0.0399847 -35.66667
10 0.0399847 -35.66667
1.666667 0.0399847 -39.16667
10 0.0399847 -35.66667
11.5 0.0399847 -35.66667
11.5 0.0399847 -35.66667
22.66667 0.0399847 -35.66667
22.66667 0.0399847 -39.16667
1.666667 0.0399847 -39.16667
1.333333 0.0399847 -25.5
0 0.0399847 -25.5
0 0.0399847 -21.66667
1.666667 0.0399847 -25.83333
1.333333 0.0399847 -25.5
0 0.0399847 -21.66667
5.5 0.0399847 -21.5
5.5 0.0399847 -29.16667
5.833333 0.0399847 -29.5
9.666667 0.0399847 -29.5
9.666667 0.0399847 -35.33333
9.666667 0.0399847 -35.33333
10 0.0399847 -35.66667
1.666667 0.0399847 -35.66667
1.666667 0.0399847 -25.83333
5.5 0.0399847 -29.16667
5.833333 0.0399847 -29.5
9.666667 0.0399847 -35.33333
1.666667 0.0399847 -35.66667
7.666667 0.0399847 -27.33333
7.666667 0.0399847 -21.5
10.33333 0.0399847 -21.33333
18.16667 0.0399847 -21.33333
15 0.0399847 -27.33333
11.83333 0.0399847 -35.33333
11.83333 0.0399847 -29.5
15 0.0399847 -29.5
11.83333 0.0399847 -35.33333
15 0.0399847 -29.5
15.33333 0.0399847 -29.16667
22.66667 0.0399847 -35.66667
15.33333 0.0399847 -29.16667
15.33333 0.0399847 -27.66667
19.16667 0.0399847 -21.33333
22.5 0.0399847 -21.33333
22.66667 0.0399847 -35.66667
22.66667 0.0399847 -35.66667
11.5 0.0399847 -35.66667
11.83333 0.0399847 -35.33333
15.33333 0.0399847 -27.66667
15 0.0399847 -27.33333
18.16667 0.0399847 -21.33333
19.16667 0.0399847 -21.33333
14.33333 0.0399847 -18.33333
17.83333 0.0399847 -18.33333
17.83333 0.0399847 -21
13 0.0399847 -18.33333
14.33333 0.0399847 -18.33333
17.83333 0.0399847 -21
18.16667 0.0399847 -21.33333
10.33333 0.0399847 -21.33333
10.5 0.0399847 -20.5
13 0.0399847 -18.33333
10.5 0.0399847 -20.5
10.16667 0.0399847 -20.16667
13.5 0.0399847 0
14.16667 0.0399847 0
14 0.0399847 -0.5
13.66667 0.0399847 -0.5
19.16667 0.0399847 -8.166666
22.5 0.0399847 -8.166666
22.16667 0.0399847 -8.5
19.5 0.0399847 -8.5
19.5 0.0399847 -11
19.5 0.0399847 -8.5
22.16667 0.0399847 -8.5
22.16667 0.0399847 -11
22.16667 0.0399847 -21
22.5 0.0399847 -21.33333
19.16667 0.0399847 -21.33333
19.5 0.0399847 -21
19.16667 0.0399847 -11.16667
19.5 0.0399847 -11
22.16667 0.0399847 -11
22.16667 0.0399847 -18.5
22.16667 0.0399847 -21
19.5 0.0399847 -21
19.5 0.0399847 -18.5
22.66667 0.0399847 -11.33333
22.66667 0.0399847 -18.16667
22.16667 0.0399847 -18.5
19.16667 0.0399847 -18.33333
19.16667 0.0399847 -11.16667
22.16667 0.0399847 -11
22.16667 0.0399847 -18.5
19.5 0.0399847 -18.5
19.16667 0.0399847 -18.33333
19 5.206652 -20.16667
19 5.206652 -19.33333
22.66667 5.206652 -19.33333
22.66667 5.206652 -20.16667
12.66667 0.0399847 -18
13 0.0399847 -18.33333
10.16667 0.0399847 -20.16667
13.5 4.039985 0
14.16667 4.039985 0
14.16667 4.039985 -0.5
13.5 4.039985 -0.5
0 6.039985 0
1.833333 6.039985 0
1.833333 6.039985 -1
0 6.039985 -1
17.83333 0.0399847 -18.33333
14.33333 0.0399847 -18.33333
14.66667 0.0399847 -18
14.66667 0.0399847 -11.16667
14.33333 0.0399847 -10.83333
17.83333 0.0399847 -10.83333
17.83333 0.0399847 -18.33333
14.66667 0.0399847 -18
14.66667 0.0399847 -17
14.66667 0.0399847 -12.33333
14.66667 0.0399847 -11.16667
17.83333 0.0399847 -10.83333
17.83333 0.0399847 -18.33333
14.66667 0.0399847 -17
14 0.0399847 -16.66667
14 0.0399847 -12.66667
14.66667 0.0399847 -12.33333
17.83333 0.0399847 -10.83333
17.83333 0.0399847 -8.5
17.83333 0.0399847 -10.83333
14.33333 0.0399847 -10.83333
10.16667 0.0399847 -8.333332
18.16667 0.0399847 -8.166666
17.83333 0.0399847 -8.5
14.33333 0.0399847 -10.83333
13 0.0399847 -10.83333
10.5 0.0399847 -9.333332
10.16667 0.0399847 -9.666666
10.5 0.0399847 -9.333332
13 0.0399847 -10.83333
10.16667 0.0399847 -8.333332
0 0.0399847 -8.166666
18.16667 0.0399847 -8.166666
0 0.0399847 0
1.833333 0.0399847 0
1.833333 0.0399847 -1
0 0.0399847 -1
19 5.206652 -10.16667
19 5.206652 -9.333332
22.66667 5.206652 -9.333332
22.66667 5.206652 -10.16667
22.66667 0.0399847 -4.833332
22.5 0.0399847 -8.166666
19.16667 0.0399847 -8.166666
22.66667 0.0399847 -4.833332
19.16667 0.0399847 -8.166666
18.16667 0.0399847 -8.166666
9.5 0.0399847 -4.833332
10.16667 0.0399847 -9.666666
12.66667 0.0399847 -11.16667
12.66667 0.0399847 -18
10.16667 0.0399847 -20.16667
0 0.0399847 -20.16667
0 0.0399847 -9.666666
9.5 0.0399847 -4.833332
18.16667 0.0399847 -8.166666
0 0.0399847 -8.166666
8.5 0.0399847 -4.833332
10.16667 0.0399847 -9.666666
13 0.0399847 -10.83333
12.66667 0.0399847 -11.16667
3 0.0399847 -1.666664
8.333334 0.0399847 -1.666664
7.5 0.0399847 -2.5
2.666667 0.0399847 -2.166664
3 0.0399847 -1.666664
7.5 0.0399847 -2.5
7.5 0.0399847 -4
10.5 0.0399847 -2.5
9.666667 0.0399847 -1.666664
13.16667 0.0399847 -1.666664
10.5 0.0399847 -4
10.5 0.0399847 -2.5
13.16667 0.0399847 -1.666664
14.83333 0.0399847 -1.5
14.83333 0.0399847 -1.5
15.5 0.0399847 0
22.66667 0.0399847 0
9.5 0.0399847 -4.833332
10.5 0.0399847 -4
14.83333 0.0399847 -1.5
22.66667 0.0399847 0
22.66667 0.0399847 -4.833332
12.33333 0.0399847 -0.8333321
13.16667 0.0399847 -1.666664
9.666667 0.0399847 -1.666664
12.33333 0.0399847 0
12.33333 0.0399847 -0.8333321
9.666667 0.0399847 -1.666664
8.333334 0.0399847 -1.666664
3 0.0399847 0
12.33333 0.0399847 0
8.333334 0.0399847 -1.666664
3 0.0399847 -1.666664
2.666667 0.0399847 -2.166664
7.5 0.0399847 -4
8.5 0.0399847 -4.833332
0 0.0399847 -8.166666
0 0.0399847 -2.166664
-6 0.0399847 -36.5
-0.5 0.0399847 -36.5
-0.5 0.0399847 -39.16667
-7.333334 0.0399847 -36.5
-6 0.0399847 -36.5
-0.5 0.0399847 -39.16667
-10.83333 0.0399847 -36.5
-7.333334 0.0399847 -36.5
-0.5 0.0399847 -39.16667
-12.16667 0.0399847 -36.5
-10.83333 0.0399847 -36.5
-0.5 0.0399847 -39.16667
-12.16667 0.0399847 -36.5
-0.5 0.0399847 -39.16667
-25.83333 0.0399847 -39.16667
-25.83333 0.0399847 -36.5
-25.83333 0.0399847 -24.66667
-12.16667 0.0399847 -24.66667
-12.5 0.0399847 -25
-12.5 0.0399847 -36.16667
-12.16667 0.0399847 -36.5
-25.83333 0.0399847 -36.5
-25.83333 0.0399847 -24.66667
-12.5 0.0399847 -25
-12.5 0.0399847 -36.16667
-25.83333 0.0399847 -36.5
-10.83333 0.0399847 -24.66667
-7.333334 0.0399847 -24.66667
-7.666668 0.0399847 -25
-10.5 0.0399847 -25
-7.666668 0.0399847 -25
-7.666668 0.0399847 -36.16667
-10.5 0.0399847 -36.16667
-10.5 0.0399847 -25
-7.666668 0.0399847 -36.16667
-7.333334 0.0399847 -36.5
-10.83333 0.0399847 -36.5
-10.5 0.0399847 -36.16667
-25.83333 0.0399847 0
-4.166668 0.0399847 0
-9.666668 0.0399847 -0.3333321
-25.83333 0.0399847 -0.3333321
-0.5 0.0399847 -36.5
-6 0.0399847 -36.5
-5.666668 0.0399847 -36.16667
-0.5 0.0399847 -25.83333
-0.5 0.0399847 -36.5
-5.666668 0.0399847 -36.16667
-5.666668 0.0399847 -25
-25.83333 0.0399847 -24.66667
-25.83333 0.0399847 -23.33333
-25.5 0.0399847 -23.33333
-25.83333 0.0399847 -24.66667
-25.5 0.0399847 -23.33333
-22.66667 0.0399847 -23.33333
-25.83333 0.0399847 -24.66667
-22.66667 0.0399847 -23.33333
-21.83333 0.0399847 -23.33333
-12.16667 0.0399847 -24.66667
-4.166668 0.0399847 0
-8.166668 0.0399847 -0.3333321
-9.666668 0.0399847 -0.3333321
-4.166668 0.0399847 0
-4.166668 0.0399847 -0.3333321
-8.166668 0.0399847 -0.3333321
-3 6.039985 0
0 6.039985 0
0 6.039985 -1
-3 6.039985 -1
-3 0.0399847 0
0 0.0399847 0
0 0.0399847 -1
-3 0.0399847 -1
-25.5 0.0399847 -6.5
-22.66667 0.0399847 -6.5
-23 0.0399847 -6.833332
-25.16667 0.0399847 -6.833332
-25.83333 0.0399847 -9.666666
-25.16667 0.0399847 -9.333332
-23 0.0399847 -9.333332
-23 0.0399847 -23
-22.66667 0.0399847 -23.33333
-25.5 0.0399847 -23.33333
-25.16667 0.0399847 -23
-25.16667 0.0399847 -9.333332
-25.16667 0.0399847 -6.833332
-23 0.0399847 -6.833332
-23 0.0399847 -9.333332
-23 0.0399847 -20.5
-23 0.0399847 -23
-25.16667 0.0399847 -23
-25.16667 0.0399847 -20.5
-22.33333 0.0399847 -9.666666
-22.33333 0.0399847 -20.16667
-25.16667 0.0399847 -20.5
-25.83333 0.0399847 -20.16667
-25.83333 0.0399847 -9.666666
-23 0.0399847 -9.333332
-22.33333 0.0399847 -20.16667
-23 0.0399847 -20.5
-25.16667 0.0399847 -20.5
-10 0.0399847 -0.6666641
-10 0.0399847 -6.5
-21.83333 0.0399847 -6.5
-21.83333 0.0399847 -6.5
-22.66667 0.0399847 -6.5
-25.83333 0.0399847 -0.3333321
-9.666668 0.0399847 -0.3333321
-10 0.0399847 -0.6666641
-22.66667 0.0399847 -6.5
-25.5 0.0399847 -6.5
-25.83333 0.0399847 -0.3333321
-21.5 0.0399847 -23
-21.5 0.0399847 -21.66667
-4 0.0399847 -21.66667
-25.5 5.206652 -22.16667
-25.5 5.206652 -21.33333
-22.66667 5.206652 -21.33333
-22.66667 5.206652 -22.16667
-20.83333 0.0399847 -20.16667
-14.16667 0.0399847 -20.16667
-14.5 0.0399847 -21.16667
-20.83333 0.0399847 -21.16667
-14.16667 0.0399847 -21.5
-4 0.0399847 -21.66667
-21.5 0.0399847 -21.66667
-20.83333 0.0399847 -21.16667
-14.5 0.0399847 -21.16667
-14.16667 0.0399847 -21.5
-21.5 0.0399847 -21.66667
-3.333334 0.0399847 -20.16667
-0.6666679 0.0399847 -20.16667
-1 0.0399847 -20.5
-3 0.0399847 -20.5
-3.333334 0.0399847 -21.66667
-3 0.0399847 -21.33333
-1 0.0399847 -21.33333
-0.6666679 0.0399847 -21.66667
-3 0.0399847 -21.33333
-3 0.0399847 -20.5
-1 0.0399847 -20.5
-1 0.0399847 -21.33333
-4 0.0399847 -21.66667
-6 0.0399847 -24.66667
-7.333334 0.0399847 -24.66667
-4 0.0399847 -21.66667
-3.333334 0.0399847 -21.66667
-5.666668 0.0399847 -25
-6 0.0399847 -24.66667
-20.83333 0.0399847 -20.16667
-20.83333 0.0399847 -17.66667
-16.83333 0.0399847 -17.66667
-14.16667 0.0399847 -20.16667
-4 0.0399847 -21.66667
-10.83333 0.0399847 -24.66667
-12.16667 0.0399847 -24.66667
-21.83333 0.0399847 -23.33333
-21.5 0.0399847 -23
-14.16667 0.0399847 -20.16667
-16.83333 0.0399847 -17.66667
-16.16667 0.0399847 -17.66667
-20.83333 0.0399847 -12.5
-17.5 0.0399847 -12.5
-19 0.0399847 -14
-17.83333 0.0399847 -17.33333
-16.83333 0.0399847 -17.66667
-20.83333 0.0399847 -17.66667
-19 0.0399847 -16
-17.83333 0.0399847 -17.33333
-20.83333 0.0399847 -17.66667
-20.83333 0.0399847 -12.5
-19 0.0399847 -14
-19 0.0399847 -16
-20.83333 0.0399847 -17.66667
-14.16667 0.0399847 -20.16667
-14.16667 0.0399847 -16.33333
-13.83333 0.0399847 -15.33333
-3.333334 0.0399847 -20.16667
-4 0.0399847 -21.66667
-7.333334 0.0399847 -24.66667
-10.83333 0.0399847 -24.66667
-0.6666679 0.0399847 -21.66667
0 0.0399847 -25.5
-0.5 0.0399847 -25.83333
-5.666668 0.0399847 -25
-3.333334 0.0399847 -21.66667
-0.6666679 0.0399847 -21.66667
0 0.0399847 -21.66667
0 0.0399847 -25.5
-25.5 0.0399847 -6.5
-25.83333 0.0399847 -6.5
-25.83333 0.0399847 -0.3333321
-17.83333 4.039985 -15.66667
-17.83333 4.039985 -14.33333
-17.5 4.039985 -13.83333
-15.83333 4.039985 -13.66667
-15.16667 4.039985 -14.33333
-15.16667 4.039985 -15.66667
-17.16667 4.039985 -16.33333
-17.83333 4.039985 -15.66667
-17.5 4.039985 -13.83333
-15.16667 4.039985 -15.66667
-15.83333 4.039985 -16.33333
-17.16667 4.039985 -16.33333
-15.16667 0.0399847 -14.5
-16 0.0399847 -16.33333
-17.83333 0.0399847 -15.5
-17.83333 0.0399847 -14.5
-17 0.0399847 -13.66667
-16 0.0399847 -13.66667
-16 0.0399847 -16.33333
-17 0.0399847 -16.33333
-17.83333 0.0399847 -15.5
-15.16667 0.0399847 -14.5
-15.16667 0.0399847 -15.5
-16 0.0399847 -16.33333
-14.16667 0.0399847 -20.16667
-15.16667 0.0399847 -17.33333
-14.16667 0.0399847 -16.33333
-14.16667 0.0399847 -20.16667
-16.16667 0.0399847 -17.66667
-15.16667 0.0399847 -17.33333
-17.5 0.0399847 -12.5
-20.83333 0.0399847 -12.5
-20.83333 0.0399847 -9.666666
-14.16667 0.0399847 -9.666666
-3.833334 0.0399847 -2.166664
0 0.0399847 -2.166664
-0.6666679 0.0399847 -8.166666
-3.333334 0.0399847 -8.166666
-15.5 0.0399847 -12.5
-17.5 0.0399847 -12.5
-14.16667 0.0399847 -9.666666
-20.83333 0.0399847 -8.5
-21.5 0.0399847 -8.166666
-21.5 0.0399847 -6.833332
-14.16667 0.0399847 -8.333332
-14.5 0.0399847 -9.333332
-10 0.0399847 -6.5
-10 0.0399847 -8.333332
-14.16667 0.0399847 -8.333332
-21.5 0.0399847 -6.833332
-21.83333 0.0399847 -6.5
-14.5 0.0399847 -9.333332
-14.16667 0.0399847 -9.666666
-20.83333 0.0399847 -9.666666
-20.83333 0.0399847 -8.5
-3.333334 0.0399847 -8.166666
-0.6666679 0.0399847 -8.166666
-1 0.0399847 -8.5
-3 0.0399847 -8.5
-3.333334 0.0399847 -9.666666
-3 0.0399847 -9.333332
-1 0.0399847 -9.333332
-0.6666679 0.0399847 -9.666666
-3 0.0399847 -9.333332
-3 0.0399847 -8.5
-1 0.0399847 -8.5
-1 0.0399847 -9.333332
-25.5 5.206652 -8.5
-25.5 5.206652 -7.666664
-22.66667 5.206652 -7.666664
-22.66667 5.206652 -8.5
-7.833334 0.0399847 -0.6666641
-8.166668 0.0399847 -0.3333321
-4.166668 0.0399847 -0.3333321
-4.166668 0.0399847 -1.833332
-3.833334 0.0399847 -2.166664
-3.333334 0.0399847 -8.166666
-4 0.0399847 -8.166666
-7.833334 0.0399847 -0.6666641
-4.166668 0.0399847 -1.833332
-3.833334 0.0399847 -2.166664
-4 0.0399847 -8.166666
-7.833334 0.0399847 -8.166666
0 0.0399847 -2.166664
0 0.0399847 -8.166666
-0.6666679 0.0399847 -8.166666
-14.16667 0.0399847 -13.66667
-15.5 0.0399847 -12.5
-14.16667 0.0399847 -9.666666
-13.83333 0.0399847 -15.33333
-14.16667 0.0399847 -13.66667
-14.16667 0.0399847 -9.666666
-3.333334 0.0399847 -9.666666
-3.333334 0.0399847 -20.16667
-0.6666679 0.0399847 -9.666666
0 0.0399847 -9.666666
0 0.0399847 -20.16667
-0.6666679 0.0399847 -20.16667
-3.333334 0.0399847 -9.666666
-0.6666679 0.0399847 -9.666666
-0.6666679 0.0399847 -20.16667
-3.333334 0.0399847 -20.16667
-1.833334 0.0399847 85.33334
0 0.0399847 85.33334
0 0.0399847 82.66667
-1.833334 0.0399847 82.66667
-15.83333 0.0399847 60.83334
-15.83333 0.0399847 65.5
-12.16667 0.0399847 65.5
-15.83333 0.0399847 60.83334
-12.16667 0.0399847 65.5
-11.66667 0.0399847 65.5
-1.166668 0.0399847 65
-1.166668 0.0399847 60.83334
-11.66667 0.0399847 65.5
-0.833334 0.0399847 65.33334
-1.166668 0.0399847 65
-12.66667 0.0399847 70.16667
-11 0.0399847 68.66667
-11 0.0399847 68.33334
-12.83333 0.0399847 66.66667
-15.83333 0.0399847 65.5
-15.83333 0.0399847 71.33334
-12.83333 0.0399847 66.16667
-12.16667 0.0399847 65.5
-15.83333 0.0399847 65.5
-15.83333 0.0399847 71.33334
-12.33333 0.0399847 71.33334
-12.66667 0.0399847 71
-12.83333 0.0399847 66.66667
-12.83333 0.0399847 66.16667
-15.83333 0.0399847 65.5
-15.83333 0.0399847 71.33334
-12.66667 0.0399847 71
-12.66667 0.0399847 70.16667
-11.66667 0.0399847 65.5
-11.5 0.0399847 65.66667
-8.166668 0.0399847 65.66667
-11.66667 0.0399847 65.5
-8.166668 0.0399847 65.66667
-7.333334 0.0399847 65.66667
-15.5 5.206652 77.83334
-15.5 5.206652 78.66667
-12.66667 5.206652 78.66667
-12.66667 5.206652 77.83334
-8.166668 0.0399847 65.66667
-11.5 0.0399847 65.66667
-10 0.0399847 67.33334
-9.666668 0.0399847 67.33334
-6.833334 0.0399847 81.5
-11.5 0.0399847 77
-10.83333 0.0399847 78.83334
-7.166668 0.0399847 81.83334
-0.833334 0.0399847 65.33334
-11.66667 0.0399847 65.5
-7.333334 0.0399847 65.66667
-10.83333 0.0399847 85.33334
-6.833334 0.4566514 82.66667
-7.166668 0.0399847 81.83334
-10.83333 0.0399847 78.83334
-0.833334 0.0399847 65.33334
-7.333334 0.0399847 65.66667
-7 0.0399847 66.66667
-11.66667 0.0399847 71.33334
-8.166668 0.0399847 71.33334
-10 0.0399847 69.5
-15.83333 0.0399847 71.33334
-15.83333 0.0399847 76.66667
-15.5 0.0399847 76.66667
-12.33333 0.0399847 71.33334
-15.83333 0.0399847 71.33334
-15.5 0.0399847 76.66667
-12.66667 0.0399847 76.66667
0 0.0399847 65.33334
-7 0.0399847 70.16667
-7 0.0399847 70.83334
-12.33333 0.0399847 71.33334
-12.66667 0.0399847 76.66667
-11.83333 0.0399847 76.66667
-11.66667 0.0399847 71.33334
-7.5 0.0399847 71.33334
-8.166668 0.0399847 71.33334
-11.83333 0.0399847 76.66667
-8.166668 0.0399847 71.33334
-11.66667 0.0399847 71.33334
-11.83333 0.0399847 76.66667
-13 0.0399847 77
-12.66667 0.0399847 76.66667
-15.5 0.0399847 76.66667
-15.16667 0.0399847 77
-15.16667 0.0399847 79.5
-15.83333 0.0399847 79.83334
-15.83333 0.0399847 85.33334
-12.33333 0.0399847 85.33334
-12.33333 0.0399847 79.83334
-13 0.0399847 79.5
-13 0.0399847 79.5
-13 0.0399847 77
-15.16667 0.0399847 77
-15.16667 0.0399847 79.5
-11.5 0.0399847 77
-11.5 0.0399847 78.5
-10.83333 0.0399847 78.83334
0 3.289984 85.33334
0 3.289985 82.66667
-6.833334 0.4566514 82.66667
-10.83333 0.0399847 85.33334
-7 0.0399847 66.66667
-8.833334 0.0399847 68.33334
-7 0.0399847 70.16667
0 0.0399847 65.33334
-0.833334 0.0399847 65.33334
-7.5 0.0399847 71.33334
-11.83333 0.0399847 76.66667
-11.5 0.0399847 77
-7 0.0399847 70.83334
-7.5 0.0399847 71.33334
-11.5 0.0399847 77
-6.833334 0.0399847 81.5
0 0.0399847 81.5
0 0.0399847 65.33334
0 0.0399847 60.83334
0 0.0399847 64.16667
8.833334 0.0399847 64.16667
8.833334 0.0399847 60.83334
10.16667 0.0399847 65.33334
18 0.0399847 65.33334
17.66667 0.0399847 65
17.66667 0.0399847 65
17.66667 0.0399847 60.83334
10 0.0399847 60.83334
10.16667 0.0399847 65.33334
18.83333 0.0399847 60.83334
18.83333 0.0399847 64.16667
21.66667 0.0399847 64.16667
21.66667 0.0399847 60.83334
22.83333 0.0399847 60.83334
22.83333 0.0399847 64.16667
25.5 0.0399847 64.16667
25.5 0.0399847 60.83334
9.166667 4.039985 61
0.1666667 4.039985 61
0.1666667 4.039985 63.83334
9.166667 4.039985 63.83334
18.66667 4.039985 63.83334
32.66667 0.03998471 63.83334
32.66667 0.0399847 61
18.66667 4.039985 61
18.66667 4.039985 61
9.166667 4.039985 61
9.166667 4.039985 63.83334
18.66667 4.039985 63.83334
30.16667 0.2066514 64.5
29.83333 0.0399847 65.33334
32.66667 0.0399847 65.33334
32.66667 0.0399847 63.83334
18.66667 4.039985 63.83334
18.83333 4.039985 64.16667
29.83333 0.3733181 64.16667
32.66667 0.0399847 63.83334
29.83333 0.373318 64.16667
30.16667 0.2066514 64.5
32.66667 0.0399847 63.83334
27.83333 0.0399847 85.33334
27.83333 0.03998471 83
12.66667 5.039985 83
0 3.289985 85.33334
12.66667 5.039985 83
12 5.039985 83
0 3.289985 85.33334
32.66667 0.0399847 68.33334
32.66667 0.0399847 65.33334
29.83333 0.0399847 65.33334
18 0.0399847 65.33334
10.16667 0.0399847 65.33334
10.16667 0.0399847 68.33334
18 0.0399847 68.33334
19.5 0.0399847 68.33334
32.66667 0.0399847 68.33334
29.83333 0.0399847 65.33334
18 0.0399847 65.33334
18 0.0399847 65.33334
18 0.0399847 68.33334
19.5 0.0399847 68.33334
17.66667 0.0399847 68.66667
18 0.0399847 68.33334
10.16667 0.0399847 68.33334
10.16667 0.0399847 73
9.833334 0.0399847 73.33334
17.66667 0.0399847 73.33334
17.66667 0.0399847 68.66667
10.16667 0.0399847 68.33334
10.16667 0.0399847 73
17.66667 0.0399847 73.33334
19.83333 0.0399847 77.16667
17.5 0.0399847 78.66667
28.16667 0.0399847 78.66667
19.83333 0.0399847 77.16667
28.16667 0.0399847 78.66667
29.16667 0.0399847 78.66667
29.16667 0.0399847 78.66667
32.5 0.0399847 78.66667
32.66667 0.0399847 68.33334
19.83333 0.0399847 68.66667
19.83333 0.0399847 77.16667
32.66667 0.0399847 68.33334
19.5 0.0399847 68.33334
19.83333 0.0399847 68.66667
12 5.039985 83
4.833333 5.039985 83
0 3.289985 85.33334
17.66667 0.0399847 76
17.66667 0.0399847 73.33334
9.833334 0.0399847 73.33334
11.33333 0.0399847 79.5
8.333334 0.0399847 73.33334
4.166667 0.0399847 79.5
5.5 0.0399847 79.5
8.333334 0.0399847 73.33334
5.5 0.0399847 79.5
11.33333 0.0399847 79.5
9.833334 0.0399847 73.33334
28.16667 0.0399847 78.66667
17.5 0.0399847 78.66667
13.16667 0.0399847 81
13 0.0399847 81.5
23.66667 0.0399847 81.5
27.83333 0.0399847 79
27.83333 0.0399847 83
24 0.2899847 82.33334
23.66667 0.4566514 82.66667
12.66667 5.039985 83
27.83333 0.0399847 83
23.66667 0.4566517 82.66667
12.83333 4.956652 82.66667
23.66667 0.0399847 81.5
24 0.2899847 82.33334
27.83333 0.0399847 83
27.83333 0.0399847 79
32.16667 0.0399847 79
32.5 0.0399847 78.66667
29.16667 0.0399847 78.66667
29.5 0.0399847 79
29.16667 0.0399847 85.33334
32.66667 0.0399847 85.33334
32.16667 0.0399847 81.5
29.5 0.0399847 79
32.16667 0.0399847 81.5
32.16667 0.0399847 79
29.5 0.0399847 79
32.66667 0.0399847 85.33334
32.66667 0.0399847 81.83334
32.16667 0.0399847 81.5
4.166667 0.0399847 79.5
8.333334 0.0399847 73.33334
8 0.0399847 73
4.833333 5.039985 83
4.166667 5.039985 83
0 3.289985 85.33334
11 0.0399847 79.83334
11.33333 0.0399847 79.5
5.5 0.0399847 79.5
5.833333 0.0399847 79.83334
5.833333 0.0399847 85.33334
11 0.0399847 85.33334
11 0.0399847 79.83334
5.833333 0.0399847 79.83334
29 5.206652 79.83334
29 5.206652 80.66667
32.66667 5.206652 80.66667
32.66667 5.206652 79.83334
11.66667 5.039985 82.66667
11.66667 5.039985 80.83334
5.166667 5.039985 80.83334
5.166667 5.039985 82.66667
4.833333 5.039985 83
12 5.039985 83
11.66667 5.039985 82.66667
5.166667 5.039985 82.66667
0 0.0399847 85.33334
3.833333 0.0399847 85.33334
3.833333 0.0399847 82.66667
0 0.0399847 82.66667
0 0.0399847 81.5
3.833333 0.0399847 79.83334
4.166667 0.0399847 79.5
8 0.0399847 73
8 0.0399847 65.33334
0 0.0399847 65.33334
13 0.0399847 85.33334
18.66667 0.0399847 85.33334
18.66667 0.0399847 82.66667
13 0.0399847 82.66667
0 0.0399847 81.5
3.833333 0.0399847 81.5
3.833333 0.0399847 79.83334
4.166667 5.039985 83
4 4.956652 82.66667
0 3.289985 82.66667
0 3.289985 85.33334
-15.5 0.0399847 93.5
-12.66667 0.0399847 93.5
-13 0.0399847 93.16667
-15.16667 0.0399847 93.16667
-13 0.0399847 90.66667
-12.33333 0.0399847 90.33334
-12.33333 0.0399847 85.33334
-15.83333 0.0399847 85.33334
-15.83333 0.0399847 90.33334
-15.16667 0.0399847 90.66667
-15.16667 0.0399847 90.66667
-15.16667 0.0399847 93.16667
-13 0.0399847 93.16667
-13 0.0399847 90.66667
-10.83333 0.0399847 91.5
-11.5 0.0399847 91.83334
-11.5 0.0399847 93.16667
-6.833334 0.4566514 87.5
0 3.289985 87.5
0 3.289985 85.33334
-10.83333 0.0399847 85.33334
-7.666668 0.0399847 103.8333
-11.16667 0.0399847 103.8333
-15.83333 0.0399847 109.1667
-1.166668 0.0399847 109.1667
-7.166668 0.2899847 87.83334
-6.833334 0.4566514 87.5
-10.83333 0.0399847 85.33334
-7.166668 0.2899847 87.83334
-10.83333 0.0399847 85.33334
-10.83333 0.0399847 91.5
-6.833334 0.0399847 88.66667
-6.833334 0.0399847 88.66667
-10.83333 0.0399847 91.5
-11.5 0.0399847 93.16667
0 0.0399847 87.5
0 0.0399847 85.33334
-1.833334 0.0399847 85.33334
-1.833334 0.0399847 87.5
-15.5 5.206652 91.5
-15.5 5.206652 92.33334
-12.66667 5.206652 92.33334
-12.66667 5.206652 91.5
-15.5 0.0399847 93.5
-15.83333 0.0399847 93.5
-15.83333 0.0399847 96.5
-12.66667 0.0399847 93.5
-15.5 0.0399847 93.5
-15.83333 0.0399847 96.5
-12.66667 0.0399847 93.5
-15.83333 0.0399847 96.5
-8.833334 0.0399847 96.5
-11.83333 0.0399847 93.5
-1.166668 0.0399847 109.1667
-1.166668 0.0399847 103.8333
-7.666668 0.0399847 103.8333
-11.83333 0.0399847 93.5
-8.833334 0.0399847 96.5
-6.333334 0.0399847 96.5
-15.83333 0.0399847 103.8333
-11.16667 0.0399847 103.8333
-11.5 0.0399847 103.5
-11.16667 0.0399847 96.66667
-8.833334 0.0399847 96.5
-15.83333 0.0399847 96.5
-11.5 0.0399847 97
-11.16667 0.0399847 96.66667
-15.83333 0.0399847 96.5
-15.83333 0.0399847 103.8333
-11.5 0.0399847 103.5
-11.5 0.0399847 97
-15.83333 0.0399847 96.5
-11.16667 0.0399847 103.8333
-15.83333 0.0399847 103.8333
-15.83333 0.0399847 109.1667
-9 3.706652 97.83334
-9 3.706652 102.6667
-8.5 3.623318 102.6667
-8.5 3.623318 97.83334
-6.333334 0.0399847 103.6667
-7.666668 0.0399847 103.8333
-1.166668 0.0399847 103.8333
-6 0.0399847 103.3333
-6.333334 0.0399847 103.6667
-1.166668 0.0399847 103.8333
-1.166668 0.0399847 101.5
-6 0.0399847 103.3333
-1.166668 0.0399847 101.5
-0.833334 0.0399847 101.1667
-6 0.0399847 96.83334
-11.5 0.0399847 93.16667
-11.83333 0.0399847 93.5
-6.333334 0.0399847 96.5
-6.833334 0.0399847 88.66667
-6.333334 0.0399847 96.5
-6 0.0399847 96.83334
-0.833334 0.0399847 101.1667
0 0.0399847 101.1667
0 0.0399847 88.66667
-6.833334 0.0399847 88.66667
0 0.0399847 87.5
3.833333 0.0399847 87.5
3.833333 0.0399847 85.33334
0 0.0399847 85.33334
16.5 0.0399847 106.3333
16.5 0.0399847 109.1667
19.33333 0.0399847 109.1667
19.33333 0.0399847 106.3333
0 3.289985 85.33334
4.166667 5.039985 87
4.833333 5.039985 87
0 3.289985 85.33334
4.833333 5.039985 87
12 5.039985 87
0 3.289985 85.33334
12 5.039985 87
12.66667 5.039985 87
12.66667 5.039985 87
27.83333 0.0399847 87
27.83333 0.0399847 85.33334
0 3.289985 85.33334
5.666667 0.0399847 94.5
18.16667 0.0399847 94.5
11 0.0399847 90.33334
11 0.0399847 90.33334
11 0.0399847 85.33334
5.833333 0.0399847 85.33334
5.666667 0.0399847 94.5
18.66667 0.0399847 85.33334
13 0.0399847 85.33334
13 0.0399847 87.5
18.66667 0.0399847 87.5
29.16667 0.0399847 91.83334
32.5 0.0399847 91.83334
32.16667 0.0399847 91.5
29.5 0.0399847 91.5
29.16667 0.0399847 88.83334
29.5 0.0399847 89
32.16667 0.0399847 89
32.66667 0.0399847 88.66667
32.66667 0.0399847 85.33334
29.16667 0.0399847 85.33334
29.5 0.0399847 89
29.5 0.0399847 91.5
32.16667 0.0399847 91.5
32.16667 0.0399847 89
11.5 4.039985 106.3333
11.5 4.039985 109.1667
13 4.039985 109.1667
13 4.039985 106.3333
5.166667 5.039985 87.33334
5.166667 5.039985 89.16667
11.66667 5.039985 89.16667
11.66667 5.039985 87.33334
12 5.039985 87
4.833333 5.039985 87
5.166667 5.039985 87.33334
11.66667 5.039985 87.33334
23.66667 0.0399847 88.66667
13 0.0399847 88.66667
13.66667 0.0399847 89.33334
18.33333 0.0399847 91.83334
28.16667 0.0399847 91.83334
27.83333 0.0399847 91.5
12.66667 5.039985 87
13 4.873318 87.5
23.66667 0.4566514 87.5
27.83333 0.0399847 87
23.66667 0.4566514 87.5
24 0.2899847 87.83334
27.83333 0.0399847 87
27.83333 0.0399847 87
24 0.2899847 87.83334
23.66667 0.0399847 88.66667
27.83333 0.0399847 91.5
0 3.289985 87.5
3.833333 4.873318 87.5
4.166667 5.039985 87
0 3.289985 85.33334
11.5 0.0399847 106.3333
11.5 0.0399847 109.1667
15.33333 0.0399847 109.1667
15.33333 0.0399847 106.3333
29 5.206652 89.83334
29 5.206652 90.66667
32.66667 5.206652 90.66667
32.66667 5.206652 89.83334
32.66667 0.0399847 94.5
32.5 0.0399847 91.83334
29.16667 0.0399847 91.83334
32.66667 0.0399847 94.5
29.16667 0.0399847 91.83334
28.16667 0.0399847 91.83334
19.5 0.0399847 94
19 0.0399847 94.5
28.16667 0.0399847 91.83334
18.33333 0.0399847 91.83334
19.83333 0.0399847 92.83334
28.16667 0.0399847 91.83334
19.83333 0.0399847 92.83334
19.5 0.0399847 94
18.16667 0.0399847 94.5
5.666667 0.0399847 94.5
5.666667 0.0399847 98.16667
18.16667 0.0399847 94.5
5.666667 0.0399847 98.16667
5.333333 0.0399847 98.5
19 0.0399847 94.5
32.66667 0.0399847 98.5
32.66667 0.0399847 94.5
19 0.0399847 94.5
5.333333 0.0399847 98.5
7.5 0.0399847 106.3333
7.5 0.0399847 109.1667
10.33333 0.0399847 109.1667
10.33333 0.0399847 106.3333
15.66667 0.0399847 101.1667
27.5 0.0399847 101.1667
32.66667 0.0399847 98.5
5.333333 0.0399847 98.5
5.333333 0.0399847 98.5
4.166667 0.0399847 98.5
0.6666667 0.0399847 101.1667
15.66667 0.0399847 101.1667
27.5 0.0399847 101.1667
32.66667 0.0399847 101.1667
32.66667 0.0399847 98.5
1 0.0399847 109.1667
6.333333 0.0399847 109.1667
6.333333 0.0399847 105.5
1 0.0399847 101.5
1 0.0399847 109.1667
6.333333 0.0399847 105.5
6.666667 0.0399847 105.1667
6.666667 0.0399847 105.1667
15.33333 0.0399847 105.1667
15.33333 0.0399847 101.5
0.6666667 0.0399847 101.1667
1 0.0399847 101.5
6.666667 0.0399847 105.1667
15.33333 0.0399847 101.5
15.66667 0.0399847 101.1667
16.66667 4.039985 102.5
16.66667 4.039985 105.1667
19.83333 4.039985 105.1667
32.66667 0.0399847 101.1667
27.5 0.0399847 101.1667
27.83333 0.0399847 101.5
32.66667 0.0399847 101.1667
27.83333 0.0399847 101.5
27.5 0.3733181 102.3333
27.5 0.3733181 105.1667
32.66667 0.0399847 105.1667
19.83333 4.039985 105.1667
27.5 0.373318 105.1667
27.5 0.3733181 102.3333
16.66667 4.039985 102.5
16.5 0.0399847 102.3333
16.5 0.0399847 105.1667
19.33333 0.0399847 105.1667
19.33333 0.0399847 102.3333
20.5 0.0399847 102.3333
20.5 0.0399847 105.1667
23.16667 0.0399847 105.1667
23.16667 0.0399847 102.3333
19.33333 4.039985 105.6667
19.83333 4.039985 105.1667
16.66667 4.039985 105.1667
16.66667 4.039985 106
16.33333 4.289985 106.3333
7.666667 8.039985 106.6667
7.666667 8.039985 109.1667
19.33333 4.039985 109.1667
19.33333 4.039985 105.6667
16.66667 4.039985 106
16.33333 4.289985 106.3333
19.33333 4.039985 109.1667
32.66667 0.03998472 105.1667
27.5 0.3733181 105.1667
27.83333 0.2066514 105.5
32.66667 0.0399847 105.1667
27.83333 0.2066514 105.5
27.5 0.0399847 106.3333
32.66667 0.0399847 109.1667
27.5 0.0399847 106.3333
20.5 0.0399847 106.3333
20.5 0.0399847 109.1667
32.66667 0.0399847 109.1667
0.6666667 0.0399847 101.1667
4.166667 0.0399847 98.5
3.833333 0.0399847 98.16667
0 0.0399847 101.1667
0.6666667 0.0399847 101.1667
3.833333 0.0399847 98.16667
3.833333 0.0399847 88.66667
0 0.0399847 88.66667
0 1 2
0 2 3
4 5 6
4 6 7
8 9 10
11 12 8
11 8 10
15 16 17
18 19 20
18 20 21
22 18 21
11 26 27
11 27 12
29 18 22
29 22 32
12 27 32
12 32 22
37 27 26
40 41 42
42 37 26
42 26 40
29 32 49
50 51 52
52 29 49
52 49 50
40 58 59
40 59 41
61 52 51
61 51 59
51 41 59
68 69 70
71 68 70
71 70 76
71 76 77
0 3 80
0 80 81
4 7 84
4 84 85
86 87 88
86 88 71
86 71 92
92 71 77
92 77 96
59 58 99
59 99 102
59 102 103
59 103 104
69 68 103
69 103 102
109 92 96
112 113 109
112 109 96
87 86 118
119 87 118
119 118 122
123 119 122
123 122 126
127 113 112
127 112 130
126 122 113
126 113 127
135 127 130
138 139 135
138 135 130
123 126 144
145 123 144
145 144 148
138 150 151
139 138 151
139 151 155
156 145 148
156 148 155
148 139 155
163 151 150
166 167 163
166 163 150
156 155 172
173 156 172
173 172 176
167 166 179
176 167 179
176 179 185
176 185 173
187 188 189
187 189 192
192 194 195
192 195 187
197 198 199
200 197 199
200 199 203
200 203 204
205 206 207
207 189 188
200 204 205
200 205 207
200 207 188
216 217 218
216 218 219
216 219 220
221 222 223
221 223 226
221 226 194
226 229 230
226 230 231
226 231 194
194 192 221
229 220 219
229 219 230
240 241 242
243 240 242
243 242 219
243 219 218
243 218 248
243 248 251
252 253 254
252 254 255
256 257 258
256 258 259
260 259 258
260 258 263
264 231 230
264 230 267
268 260 263
271 264 267
271 267 274
275 276 271
275 271 278
275 278 268
275 268 263
271 274 278
284 285 286
284 286 287
288 243 251
16 15 293
16 293 294
7 6 297
7 297 298
241 240 301
302 303 304
241 301 307
308 302 304
241 307 313
241 313 314
241 314 308
241 308 304
317 304 303
320 321 317
320 317 303
320 303 324
320 324 325
326 325 324
320 330 321
3 2 334
3 334 335
336 337 338
336 338 339
340 257 256
340 256 321
340 321 346
326 348 288
326 288 251
326 251 351
326 351 352
346 321 330
346 330 356
326 324 348
360 361 362
363 360 362
363 362 366
367 368 369
370 367 369
370 369 373
373 20 19
346 370 373
346 373 19
346 19 340
382 369 368
9 382 368
9 368 361
10 9 361
10 361 360
363 366 356
363 356 330
363 330 397
398 399 400
401 398 400
404 401 400
407 404 400
407 400 412
407 412 413
414 415 416
417 407 413
414 416 417
414 417 413
424 425 426
424 426 427
426 429 430
426 430 427
429 401 404
429 404 430
76 70 438
76 438 439
399 398 442
443 399 442
443 442 446
414 448 449
414 449 452
414 452 455
414 455 415
70 458 438
70 461 458
84 7 298
84 298 466
80 3 335
80 335 470
471 472 473
471 473 474
475 476 477
478 452 449
478 449 481
476 474 473
476 473 477
486 478 481
486 481 489
490 491 489
490 489 493
490 493 475
490 475 477
491 486 489
499 500 501
501 472 439
501 439 438
501 438 499
472 471 439
510 511 512
513 514 515
513 515 516
517 518 519
517 519 520
521 512 511
520 519 521
520 521 511
528 529 530
528 530 531
532 533 534
532 534 535
533 531 530
533 530 534
512 541 425
512 532 446
512 446 541
517 548 549
517 549 518
512 424 415
512 415 455
512 455 510
518 549 558
559 560 561
562 549 548
565 562 548
559 561 565
559 565 548
518 573 574
518 574 528
512 425 424
535 198 443
535 443 446
535 446 532
535 199 198
471 588 439
590 591 592
593 594 595
593 595 596
593 596 590
593 590 592
595 600 596
602 603 604
602 604 605
602 605 606
602 606 607
603 609 604
602 612 603
518 615 573
518 558 615
560 559 622
560 622 623
624 397 626
624 626 627
628 560 623
631 632 633
631 633 634
631 634 635
500 637 634
500 634 633
500 633 501
635 623 622
635 622 631
627 626 647
627 647 648
649 650 651
649 651 652
650 648 647
650 647 651
657 658 659
657 659 660
661 458 461
661 461 664
624 627 667
661 664 624
661 624 667
661 667 672
397 330 626
676 628 623
574 676 623
574 623 649
574 649 528
652 352 351
652 351 529
649 652 529
649 529 528
692 693 694
692 694 695
696 697 698
696 698 701
696 701 702
696 702 703
701 705 702
707 708 709
707 709 710
707 710 697
707 697 712
713 698 697
712 717 718
710 713 697
712 718 707
701 726 727
701 727 730
731 732 733
731 733 734
727 726 737
727 737 738
739 740 741
739 741 742
705 701 730
746 747 742
746 742 741
705 730 752
753 754 755
712 757 758
717 712 758
717 758 762
763 764 765
717 762 768
717 768 753
770 754 768
754 753 768
776 762 758
776 758 779
780 781 782
780 782 783
780 783 784
780 784 785
785 776 779
785 779 780
740 791 741
793 794 747
793 747 746
752 798 764
752 764 763
752 763 705
770 768 740
765 770 740
765 740 739
765 739 809
765 809 763
811 812 813
811 813 814
815 816 817
817 819 820
817 820 815
822 823 824
822 824 825
826 827 828
826 828 829
830 831 832
830 832 833
834 835 836
834 836 837
837 830 833
837 833 834
842 843 844
842 844 835
834 847 848
834 848 835
848 842 835
853 854 855
853 855 793
855 858 793
860 844 843
816 815 865
816 865 866
867 860 843
867 843 816
816 866 867
874 866 865
877 878 879
874 865 877
874 877 879
884 885 886
884 886 889
889 891 860
889 860 893
889 893 884
860 867 893
858 899 793
901 879 878
901 878 904
905 906 907
905 907 904
905 904 878
886 885 914
886 914 915
886 915 916
886 916 917
854 919 920
855 854 920
855 920 924
916 919 854
916 854 917
929 891 889
929 889 932
933 934 935
933 935 932
935 929 932
934 941 935
906 905 945
899 947 793
949 904 907
949 907 952
953 954 949
953 949 952
957 958 959
957 959 960
961 962 963
961 963 964
899 858 961
899 961 964
693 970 971
693 971 694
809 974 906
809 906 945
809 945 977
809 977 763
979 980 981
979 981 982
809 984 974
947 987 794
947 794 793
990 991 992
990 992 993
994 995 783
994 783 782
994 782 998
994 998 999
999 993 992
999 992 994
1004 1005 1006
1007 1008 793
1007 793 746
1011 1012 1013
1011 1013 1014
1015 1007 746
1015 746 1004
1015 1004 1021
1021 1004 1006
1025 693 692
1025 692 1028
1029 1030 1031
1029 1031 1032
990 1034 1035
991 990 1035
991 1035 1041
991 1041 1042
1014 1044 1011
1042 1041 1048
1049 1012 1051
1052 1041 1035
1055 1052 1035
1049 1051 1055
1049 1055 1035
1012 1049 1013
1065 1066 1067
1065 1067 1068
1069 1011 1044
1072 1069 1044
1072 1044 1075
1072 1075 1078
1072 1078 1079
1006 1042 1048
1006 1048 1021
1048 1079 1078
1048 1078 1087
1048 1087 1088
1048 1088 1021
1025 1091 970
1025 970 693
1094 1095 1096
1094 1096 1097
793 1099 1100
793 1100 1103
793 1103 1106
1106 1108 853
1106 853 793
1111 1112 1113
1113 954 953
1113 953 1111
980 979 1120
980 1120 1121
1122 1123 1124
1122 1124 1125
1126 1127 1128
1126 1128 1129
1126 1129 934
1126 934 933
1127 1125 1124
1127 1124 1128
1136 1137 1138
1136 1138 1139
1140 1141 1142
1140 1142 1143
1103 1100 1140
1103 1140 1143
1148 1149 1150
1148 1150 1151
1148 1151 1152
1148 1152 1153
1106 1155 1156
1106 1156 1108
1156 1159 1108
1108 1159 1148
1108 1148 1153
1008 1166 1099
1008 1099 793
1169 1170 1171
1169 1171 1172
1173 1174 1175
1173 1175 1176
1177 1123 1122
1177 1122 1152
1177 1152 1183
1177 1183 1184
1152 1151 1187
1152 1187 1183
1112 1111 1193
1112 1193 1196
1112 1196 1184
1198 1177 1184
1198 1184 1196
1202 1203 1204
1202 1204 1205
1206 1207 1198
1206 1198 1196
1196 1211 1212
1196 1212 1206
1207 1215 1198
1217 1218 1219
1220 1217 1219
1220 1219 1223
1223 1225 1226
1212 1220 1223
1212 1223 1226
1212 1226 1206
1232 1233 1234
1215 1207 1237
1215 1237 1240
1215 1240 1241
1215 1241 1242
1234 1241 1240
1234 1240 1232
1247 1248 1249
1247 1249 1250
1251 1252 1253
1251 1253 1254
1255 1234 1233
1255 1233 1258
1259 1260 1261
1259 1261 1262
1255 1258 1259
1255 1259 1262
1242 1241 1269
1242 1269 1272
1242 1272 1273
1272 1275 1276
1272 1276 1273
1212 1211 1280
1087 1212 1280
1087 1280 1284
1087 1284 1088
1 -1 -1
0 34 152
3 -1 -1
2 36 135
6 179 -1
6 12 -1
4 5 -1
133 -1 -1
9 172 -1
8 10 -1
9 13 -1
12 17 -1
5 11 15
10 14 -1
13 16 21
12 16 -1
14 15 -1
11 19 -1
20 26 -1
17 20 -1
18 19 -1
14 23 -1
24 27 -1
21 24 -1
22 23 -1
26 43 -1
18 25 29
22 28 -1
27 29 -1
26 28 -1
31 47 -1
30 32 -1
31 33 200
32 41 -1
1 35 213
34 -1 -1
3 37 211
36 -1 -1
39 52 -1
38 40 -1
39 41 -1
33 40 42
41 49 -1
25 44 -1
43 45 -1
44 46 48
45 -1 -1
30 48 -1
45 47 -1
42 51 -1
51 57 -1
49 50 -1
38 53 -1
52 54 -1
53 55 -1
54 56 -1
55 59 64
50 58 60
57 61 -1
56 60 -1
57 59 -1
58 63 -1
63 68 -1
61 62 -1
56 65 -1
64 66 -1
65 70 -1
68 73 -1
62 67 69
68 72 -1
66 71 -1
70 72 76
69 71 -1
67 75 -1
75 79 -1
73 74 -1
71 77 -1
76 78 -1
77 82 -1
74 80 -1
79 81 -1
80 82 -1
78 81 -1
84 92 -1
83 86 -1
86 105 -1
84 85 -1
88 268 -1
87 89 -1
88 90 -1
89 93 -1
94 -1 -1
83 95 -1
90 94 -1
91 93 95
92 94 -1
97 -1 -1
96 98 111
97 106 -1
100 -1 -1
99 101 -1
100 104 105
103 107 -1
102 104 120
101 103 -1
85 101 -1
98 107 -1
102 106 -1
109 137 -1
108 110 -1
109 111 -1
97 110 112
111 113 -1
112 132 -1
115 -1 -1
114 -1 -1
117 156 -1
116 118 -1
117 119 -1
118 122 -1
103 121 -1
120 123 -1
119 128 -1
121 124 -1
123 129 -1
126 -1 -1
125 127 129
126 128 -1
122 127 -1
124 126 -1
131 -1 -1
130 -1 -1
113 160 -1
7 134 -1
133 -1 -1
3 136 -1
135 211 -1
108 139 -1
140 145 -1
137 141 -1
138 144 -1
139 142 -1
141 143 -1
142 144 -1
140 143 -1
138 147 -1
147 151 -1
145 146 148
147 149 -1
148 150 -1
149 165 -1
146 163 -1
1 153 -1
152 213 -1
155 -1 -1
154 -1 -1
116 157 -1
156 158 -1
157 163 175
160 165 -1
132 159 161
160 162 -1
161 316 -1
151 158 164
163 182 -1
150 159 -1
167 180 -1
166 168 -1
167 181 -1
170 176 -1
169 171 -1
170 173 -1
8 174 -1
171 174 -1
172 173 175
158 174 -1
169 177 -1
176 178 -1
177 179 -1
4 178 180
166 179 -1
168 182 -1
164 181 183
182 311 -1
185 202 -1
184 186 -1
185 187 198
186 188 -1
187 189 -1
188 191 -1
192 208 -1
189 193 -1
190 193 -1
191 192 -1
195 264 -1
194 197 -1
197 199 -1
195 196 -1
186 199 -1
196 198 -1
32 201 209
200 231 -1
184 203 -1
202 204 -1
203 266 -1
206 -1 -1
205 207 218
206 208 -1
190 207 254
200 210 -1
209 305 -1
36 136 212
211 -1 -1
34 153 214
213 -1 -1
216 233 -1
215 220 -1
221 227 -1
206 219 -1
218 222 -1
216 221 -1
217 220 -1
219 223 -1
222 228 -1
225 228 -1
224 226 -1
225 227 -1
217 226 -1
223 224 -1
232 294 -1
231 233 -1
201 230 232
229 231 -1
215 230 269
239 255 -1
236 -1 -1
235 -1 -1
238 252 -1
237 240 -1
234 241 -1
238 241 -1
239 240 -1
243 319 -1
242 246 -1
245 247 -1
244 267 -1
243 247 -1
244 246 -1
250 264 -1
250 267 -1
248 249 -1
252 258 -1
237 251 256
254 264 -1
208 253 255
234 254 -1
252 283 -1
260 284 -1
251 259 -1
258 261 -1
257 261 -1
259 260 -1
263 282 -1
262 315 -1
194 248 253
266 268 -1
204 265 267
245 249 266
87 265 -1
233 -1 -1
274 -1 -1
272 -1 -1
271 273 275
272 274 -1
270 273 -1
272 -1 -1
277 280 281
276 278 -1
277 279 -1
278 -1 -1
276 -1 -1
276 -1 -1
262 283 -1
256 282 -1
257 285 -1
284 288 295
287 311 -1
286 297 307
285 312 -1
290 -1 -1
289 291 293
290 296 -1
293 -1 -1
290 292 294
229 293 -1
285 296 -1
291 295 -1
287 298 -1
297 301 -1
300 302 -1
299 318 -1
298 302 -1
299 301 -1
304 -1 -1
303 -1 -1
210 306 -1
305 308 -1
287 309 -1
306 309 -1
307 308 310
309 -1 -1
183 286 -1
288 313 -1
312 314 -1
313 315 -1
263 314 319
162 317 -1
316 318 -1
300 317 319
242 315 318
321 448 475
320 -1 -1
323 331 -1
322 324 -1
323 325 326
324 -1 -1
324 343 -1
328 -1 -1
327 329 -1
328 330 333
329 334 -1
322 333 -1
334 349 -1
329 331 -1
330 332 -1
336 339 -1
335 343 -1
338 -1 -1
337 -1 -1
335 340 -1
339 -1 -1
342 364 372
341 345 -1
326 336 346
345 366 -1
342 344 -1
343 369 -1
355 -1 -1
349 -1 -1
332 348 350
349 352 356
368 374 -1
350 353 -1
352 355 -1
355 370 -1
347 353 354
350 357 -1
356 362 -1
359 -1 -1
358 360 461
359 361 -1
360 363 -1
357 363 -1
361 362 -1
341 -1 -1
366 457 -1
344 365 468
368 -1 -1
351 367 369
346 368 -1
354 371 -1
370 372 -1
341 371 373
372 374 -1
351 373 452
376 -1 -1
375 -1 -1
379 399 -1
379 -1 -1
377 378 -1
381 -1 -1
380 -1 -1
383 -1 -1
382 -1 -1
385 -1 -1
384 388 -1
387 393 -1
386 389 -1
385 389 -1
387 388 -1
391 398 -1
390 394 -1
393 -1 -1
386 392 394
391 393 -1
396 425 -1
395 397 512
396 414 -1
390 401 -1
377 400 -1
399 403 404
398 402 413
401 403 -1
400 402 -1
400 406 -1
407 415 -1
404 407 -1
405 406 -1
409 420 -1
408 412 -1
411 429 -1
410 412 413
409 411 -1
401 411 -1
397 436 445
405 416 -1
415 419 -1
418 435 -1
417 419 437
416 418 -1
408 421 -1
420 422 -1
421 423 -1
422 428 -1
425 427 -1
395 424 426
425 -1 -1
424 428 -1
423 427 -1
410 430 -1
429 433 -1
432 434 523
431 433 -1
430 432 -1
431 -1 -1
417 450 -1
414 457 -1
418 438 -1
437 440 -1
440 514 -1
438 439 -1
442 -1 -1
441 -1 -1
444 -1 -1
443 446 -1
414 446 -1
444 445 -1
448 505 -1
320 447 -1
450 455 -1
435 449 451
450 452 -1
374 451 -1
454 516 -1
453 -1 -1
449 -1 -1
457 -1 -1
365 436 456
459 480 -1
458 464 -1
461 -1 -1
359 460 462
461 463 -1
462 465 -1
459 465 -1
463 464 -1
474 -1 -1
468 542 -1
366 467 471
470 490 -1
469 483 -1
468 472 -1
471 473 -1
472 474 -1
466 473 499
320 476 505
475 -1 -1
478 -1 -1
477 -1 -1
480 -1 -1
458 479 481
480 482 486
481 484 -1
470 493 -1
482 498 -1
488 490 -1
481 487 -1
486 489 -1
485 489 -1
487 488 -1
469 485 -1
492 -1 -1
491 -1 -1
483 494 -1
493 495 -1
494 496 -1
495 497 -1
496 500 -1
484 499 -1
474 498 503
497 501 -1
500 502 -1
501 503 597
499 502 -1
505 -1 -1
447 475 504
507 -1 -1
506 -1 -1
509 542 -1
508 510 530
509 512 -1
512 537 -1
396 510 511
515 553 -1
439 515 -1
513 514 -1
453 517 -1
516 -1 -1
519 547 -1
518 524 -1
521 525 -1
520 522 -1
521 523 -1
431 522 -1
519 525 -1
520 524 -1
527 -1 -1
526 -1 -1
529 -1 -1
528 531 -1
509 531 -1
529 530 -1
533 -1 -1
532 534 -1
533 535 551
534 540 -1
537 -1 -1
511 536 538
537 539 -1
538 540 -1
535 539 -1
542 -1 -1
467 508 541
544 -1 -1
543 -1 -1
546 -1 -1
545 -1 -1
518 548 -1
547 549 -1
548 550 552
549 556 -1
534 552 -1
549 551 -1
513 554 -1
553 555 -1
554 557 -1
550 557 -1
555 556 561
559 -1 -1
558 -1 -1
561 564 -1
557 560 563
563 594 -1
561 562 571
560 573 -1
566 -1 -1
565 567 -1
566 569 -1
570 -1 -1
567 570 -1
568 569 571
563 570 -1
578 583 -1
564 574 -1
573 575 -1
574 576 577
575 589 -1
575 578 -1
572 577 -1
580 -1 -1
579 -1 -1
582 -1 -1
581 -1 -1
572 584 -1
583 587 -1
586 -1 -1
585 588 -1
584 588 -1
586 587 -1
576 590 -1
589 591 -1
590 593 -1
593 -1 -1
591 592 -1
562 595 -1
594 596 -1
595 597 -1
502 596 -1
