50
72
-12.66667 0.02166742 -18.33333
-11 0.02166742 -18.33333
-11.33333 0.02166742 -18.66667
-11.33333 0.02166742 -18.66667
-11.16667 0.6050007 -19.33333
-12.66667 0.02166742 -19.33333
-12.66667 0.02166742 -18.33333
-12.66667 0.02166742 -9.833333
-12.66667 0.02166742 -5.166666
-11.5 0.02166742 -5.166666
-11.5 0.02166742 -9.833333
-10.16667 0.02166742 -4.166666
-11 0.02166742 -3.833332
-11.33333 0.02166742 -3
-11.33333 0.02166742 -12
-11 0.02166742 -11
-10.16667 0.02166742 -10.66667
-7.5 0.02166742 -18.33333
-11 0.02166742 -18.33333
-11.33333 0.02166742 -3
-12.66667 0.02166742 -3
-12.66667 0.02166742 0
-10.16667 0.02166742 -4.166666
-11.33333 0.02166742 -3
-12.66667 0.02166742 0
0 0.02166742 0
-12.66667 0.02166742 -18.33333
-12.66667 0.02166742 -12
-11.33333 0.02166742 -12
-11 0.02166742 -18.33333
0 0.02166742 -19.33333
-7.166667 0.02166742 -19.33333
-7.5 0.02166742 -18.33333
0 0.02166742 -19.33333
-7.5 0.02166742 -18.33333
-10.16667 0.02166742 -10.66667
-10.16667 0.02166742 -4.166666
0 0.02166742 0
0 0.02166742 0
11 0.02166742 0
11 0.02166742 -19.33333
0 0.02166742 -19.33333
0 0.02166742 4.333333
0 0.02166742 0
-12.66667 0.02166742 0
-12.66667 0.02166742 4.333333
0 0.02166742 4.333333
11 0.02166742 4.333333
11 0.02166742 0
0 0.02166742 0
0 1 2
2 4 5
2 5 0
7 8 9
7 9 10
11 12 13
14 15 16
14 16 17
14 17 1
13 20 21
11 13 21
11 21 25
0 27 14
0 14 1
30 31 17
30 17 16
30 16 11
30 11 25
25 39 40
25 40 30
42 25 21
42 21 45
42 47 39
42 39 25
2 13 -1
2 -1 -1
0 1 -1
4 -1 -1
3 -1 -1
10 -1 -1
7 -1 -1
6 8 15
7 13 -1
10 -1 -1
5 9 11
10 17 20
13 -1 -1
0 8 12
15 -1 -1
7 14 16
15 17 -1
11 16 19
19 23 -1
17 18 -1
11 21 23
20 -1 -1
23 -1 -1
18 20 22
